              precision    recall  f1-score   support

           0       0.12      0.11      0.11       175
           1       0.13      0.13      0.13       156
           2       0.12      0.13      0.12       156
           3       0.15      0.16      0.15       145
           4       0.16      0.16      0.16       155
           5       0.13      0.13      0.13       160
           6       0.13      0.13      0.13       167
           7       0.16      0.15      0.16       177

    accuracy                           0.14      1291
   macro avg       0.14      0.14      0.14      1291
weighted avg       0.14      0.14      0.14      1291